 

 

 

 

DE SOLVTIONE

p' qssssfi—-ss—-AE'ss-m--stssa
2. 3.137. 12. 73
1. 2. 38 6. 37
4· 9- 39 4« -5
2. 5. 40. 2·- 19
3. 8. 41. 320. 2049
Ι. 3. 42. 2. 13
6. 19. 43. 531. 3482
3. 10. 44. 30. 199
2. ff. 45. 24. 161
180. 649. 46. 3588. 24335
4. 15, 4-'7- 7· 43
1. 4.Ι48. 1. 7
ἃ 33.>50. 14. 99
4. 17. 51. 7. 50
39- 170- 52- 90- 649
2. 9.353. 9100. 66249
12. 55.‡54. 66. 485
42. 197.355. 12. 89
5. 24.j56. 2. 15
1. 5.ξ57. 20. 151
10. 51.Ῑ58. 2574. 19603
5. 26.ζ59. 69. 530
24. 127. 60. 4. 31
1820. 9801.361. 226153980. 1766319049
- 11 62 8. 63
273 1520. 63. 1. 8
3. 17.’65. 16. 129
4. 23. 66. 8. 65
6. 35. 67. 5967. 4884-
ὗ. ἰῖ8. 4. ‘¹‘

 

